#RAD(Kpc) RAD(arcs)  VROT(km/s) DISP(km/s) INC(deg)  P.A.(deg) Z0(pc)    Z0(arcs)  SIG(E20)  XPOS(pix) YPOS(pix) VSYS(km/s) VRAD(km/s) 
0.233     15.000     45.943     17.526     60.000    113.706   155.144   10.000    1.000     77.000    77.000    132.800    0.000      
0.698     45.000     69.391     9.240      60.000    133.344   155.144   10.000    1.000     77.000    77.000    132.800    0.000      
1.164     75.000     76.610     17.902     60.000    124.331   155.144   10.000    1.000     77.000    77.000    132.800    0.000      
1.629     105.000    86.830     8.928      60.000    133.386   155.144   10.000    1.000     77.000    77.000    132.800    0.000      
2.094     135.000    88.821     15.329     60.000    119.017   155.144   10.000    1.000     77.000    77.000    132.800    0.000      
2.560     165.000    97.626     13.904     60.000    125.651   155.144   10.000    1.000     77.000    77.000    132.800    0.000      
3.025     195.000    104.923    10.349     60.000    117.685   155.144   10.000    1.000     77.000    77.000    132.800    0.000      
3.491     225.000    110.099    12.660     60.000    122.958   155.144   10.000    1.000     77.000    77.000    132.800    0.000      
3.956     255.000    116.872    11.925     60.000    123.434   155.144   10.000    1.000     77.000    77.000    132.800    0.000      
4.422     285.000    120.480    11.912     60.000    123.113   155.144   10.000    1.000     77.000    77.000    132.800    0.000      
4.887     315.000    124.187    11.940     60.000    124.677   155.144   10.000    1.000     77.000    77.000    132.800    0.000      
5.352     345.000    125.730    11.346     60.000    124.087   155.144   10.000    1.000     77.000    77.000    132.800    0.000      
5.818     375.000    126.524    11.207     60.000    124.039   155.144   10.000    1.000     77.000    77.000    132.800    0.000      
6.283     405.000    125.734    10.658     60.000    125.131   155.144   10.000    1.000     77.000    77.000    132.800    0.000      
6.749     435.000    126.617    10.456     60.000    123.539   155.144   10.000    1.000     77.000    77.000    132.800    0.000      
7.214     465.000    125.505    9.333      60.000    125.284   155.144   10.000    1.000     77.000    77.000    132.800    0.000      
7.680     495.000    126.537    9.722      60.000    124.661   155.144   10.000    1.000     77.000    77.000    132.800    0.000      
8.145     525.000    126.965    8.701      60.000    125.139   155.144   10.000    1.000     77.000    77.000    132.800    0.000      
8.611     555.000    126.524    8.821      60.000    125.109   155.144   10.000    1.000     77.000    77.000    132.800    0.000      
9.076     585.000    127.533    9.884      60.000    124.296   155.144   10.000    1.000     77.000    77.000    132.800    0.000      
9.541     615.000    126.524    9.167      60.000    124.167   155.144   10.000    1.000     77.000    77.000    132.800    0.000      
10.007    645.000    127.328    8.368      60.000    124.375   155.144   10.000    1.000     77.000    77.000    132.800    0.000      
10.472    675.000    129.288    9.157      60.000    123.132   155.144   10.000    1.000     77.000    77.000    132.800    0.000      
10.938    705.000    131.231    8.810      60.000    122.957   155.144   10.000    1.000     77.000    77.000    132.800    0.000      
11.403    735.000    132.621    8.705      60.000    123.554   155.144   10.000    1.000     77.000    77.000    132.800    0.000      
11.869    765.000    133.556    8.657      60.000    123.744   155.144   10.000    1.000     77.000    77.000    132.800    0.000      
12.334    795.000    135.497    8.736      60.000    124.980   155.144   10.000    1.000     77.000    77.000    132.800    0.000      
12.799    825.000    135.540    9.020      60.000    124.000   155.144   10.000    1.000     77.000    77.000    132.800    0.000      
13.265    855.000    135.110    9.831      60.000    123.546   155.144   10.000    1.000     77.000    77.000    132.800    0.000      
13.730    885.000    135.300    9.175      60.000    123.631   155.144   10.000    1.000     77.000    77.000    132.800    0.000      
14.196    915.000    134.006    8.838      60.000    123.889   155.144   10.000    1.000     77.000    77.000    132.800    0.000      
14.661    945.000    134.215    8.748      60.000    124.772   155.144   10.000    1.000     77.000    77.000    132.800    0.000      
15.127    975.000    135.341    8.936      60.000    123.940   155.144   10.000    1.000     77.000    77.000    132.800    0.000      
15.592    1005.000   136.094    8.816      60.000    124.214   155.144   10.000    1.000     77.000    77.000    132.800    0.000      
16.057    1035.000   136.390    9.129      60.000    124.331   155.144   10.000    1.000     77.000    77.000    132.800    0.000      
16.523    1065.000   136.470    8.834      60.000    123.993   155.144   10.000    1.000     77.000    77.000    132.800    0.000      
16.988    1095.000   136.735    9.048      60.000    123.474   155.144   10.000    1.000     77.000    77.000    132.800    0.000      
17.454    1125.000   136.616    8.408      60.000    122.940   155.144   10.000    1.000     77.000    77.000    132.800    0.000      
17.919    1155.000   135.241    9.227      60.000    122.577   155.144   10.000    1.000     77.000    77.000    132.800    0.000      
18.385    1185.000   134.683    8.067      60.000    122.245   155.144   10.000    1.000     77.000    77.000    132.800    0.000      
18.850    1215.000   132.721    8.376      60.000    121.995   155.144   10.000    1.000     77.000    77.000    132.800    0.000      
