#RAD(Kpc) RAD(arcs)  VROT(km/s) DISP(km/s) INC(deg)  P.A.(deg) Z0(pc)    Z0(arcs)  SIG(E20)  XPOS(pix) YPOS(pix) VSYS(km/s) VRAD(km/s) 
0.233     15.000     45.144     23.493     60.000    113.706   155.144   10.000    1.000     77.000    77.000    132.800    0.000      
0.698     45.000     66.771     21.181     60.000    124.302   155.144   10.000    1.000     77.000    77.000    132.800    0.000      
1.164     75.000     76.610     17.902     60.000    126.572   155.144   10.000    1.000     77.000    77.000    132.800    0.000      
1.629     105.000    84.919     16.099     60.000    126.115   155.144   10.000    1.000     77.000    77.000    132.800    0.000      
2.094     135.000    91.521     14.703     60.000    124.879   155.144   10.000    1.000     77.000    77.000    132.800    0.000      
2.560     165.000    97.100     14.296     60.000    123.774   155.144   10.000    1.000     77.000    77.000    132.800    0.000      
3.025     195.000    103.463    13.083     60.000    123.130   155.144   10.000    1.000     77.000    77.000    132.800    0.000      
3.491     225.000    109.887    12.821     60.000    122.943   155.144   10.000    1.000     77.000    77.000    132.800    0.000      
3.956     255.000    115.623    11.859     60.000    123.066   155.144   10.000    1.000     77.000    77.000    132.800    0.000      
4.422     285.000    121.185    12.452     60.000    123.338   155.144   10.000    1.000     77.000    77.000    132.800    0.000      
4.887     315.000    124.019    12.017     60.000    123.644   155.144   10.000    1.000     77.000    77.000    132.800    0.000      
5.352     345.000    125.702    11.354     60.000    123.921   155.144   10.000    1.000     77.000    77.000    132.800    0.000      
5.818     375.000    126.072    11.271     60.000    124.149   155.144   10.000    1.000     77.000    77.000    132.800    0.000      
6.283     405.000    125.734    10.658     60.000    124.324   155.144   10.000    1.000     77.000    77.000    132.800    0.000      
6.749     435.000    126.617    10.456     60.000    124.450   155.144   10.000    1.000     77.000    77.000    132.800    0.000      
7.214     465.000    126.426    10.434     60.000    124.529   155.144   10.000    1.000     77.000    77.000    132.800    0.000      
7.680     495.000    126.288    9.804      60.000    124.556   155.144   10.000    1.000     77.000    77.000    132.800    0.000      
8.145     525.000    127.243    10.337     60.000    124.531   155.144   10.000    1.000     77.000    77.000    132.800    0.000      
8.611     555.000    127.366    10.622     60.000    124.456   155.144   10.000    1.000     77.000    77.000    132.800    0.000      
9.076     585.000    127.167    10.004     60.000    124.341   155.144   10.000    1.000     77.000    77.000    132.800    0.000      
9.541     615.000    126.958    9.801      60.000    124.205   155.144   10.000    1.000     77.000    77.000    132.800    0.000      
10.007    645.000    127.628    8.766      60.000    124.070   155.144   10.000    1.000     77.000    77.000    132.800    0.000      
10.472    675.000    129.760    8.952      60.000    123.959   155.144   10.000    1.000     77.000    77.000    132.800    0.000      
10.938    705.000    130.885    9.095      60.000    123.887   155.144   10.000    1.000     77.000    77.000    132.800    0.000      
11.403    735.000    132.423    8.858      60.000    123.857   155.144   10.000    1.000     77.000    77.000    132.800    0.000      
11.869    765.000    133.455    8.818      60.000    123.863   155.144   10.000    1.000     77.000    77.000    132.800    0.000      
12.334    795.000    134.925    8.755      60.000    123.890   155.144   10.000    1.000     77.000    77.000    132.800    0.000      
12.799    825.000    135.564    9.191      60.000    123.928   155.144   10.000    1.000     77.000    77.000    132.800    0.000      
13.265    855.000    135.110    9.831      60.000    123.966   155.144   10.000    1.000     77.000    77.000    132.800    0.000      
13.730    885.000    134.531    9.944      60.000    124.003   155.144   10.000    1.000     77.000    77.000    132.800    0.000      
14.196    915.000    134.192    9.448      60.000    124.038   155.144   10.000    1.000     77.000    77.000    132.800    0.000      
14.661    945.000    134.361    9.464      60.000    124.062   155.144   10.000    1.000     77.000    77.000    132.800    0.000      
15.127    975.000    135.081    9.040      60.000    124.061   155.144   10.000    1.000     77.000    77.000    132.800    0.000      
15.592    1005.000   135.984    9.027      60.000    124.012   155.144   10.000    1.000     77.000    77.000    132.800    0.000      
16.057    1035.000   136.390    9.129      60.000    123.891   155.144   10.000    1.000     77.000    77.000    132.800    0.000      
16.523    1065.000   136.316    9.051      60.000    123.682   155.144   10.000    1.000     77.000    77.000    132.800    0.000      
16.988    1095.000   136.735    9.048      60.000    123.384   155.144   10.000    1.000     77.000    77.000    132.800    0.000      
17.454    1125.000   136.616    9.408      60.000    123.019   155.144   10.000    1.000     77.000    77.000    132.800    0.000      
17.919    1155.000   134.919    9.592      60.000    122.633   155.144   10.000    1.000     77.000    77.000    132.800    0.000      
18.385    1185.000   134.683    9.067      60.000    122.281   155.144   10.000    1.000     77.000    77.000    132.800    0.000      
18.850    1215.000   132.721    8.376      60.000    121.995   155.144   10.000    1.000     77.000    77.000    132.800    0.000      
